function [h] = fun_rad_h(rad)

h = 4.832*sin(0.02273*rad+1.499) + 2.419*sin(0.9992*rad+1.573);

end

